30	21
60	26.51
90	24.16
90	26.57
60	32.2
120	31
90	26.57
90	27.6
90	28.34
120	24
60	26.51
30	25.22
60	30.2
30	21
90	27.6
60	32.2
60	22.6
270	28
300	23.75
180	24
60	37.6
120	30.76
270	20.8
240	30.4
150	29.79
120	30.76
150	34.2
150	34.2
300	23.75
90	37.6
240	26.13
60	32.89
300	19.8
300	19.8
180	28.47
150	29.79
90	28.6
30	23.6
60	34.2
60	24
30	34.6
30	29.7
30	34.6
90	32.28
120	25.2
60	25
30	28
90	19.8
30	24.59
30	23.6
90	23.01
30	24.59
60	37.6
60	30.4
120	25.2
120	25.2
120	35.6
60	32.89
90	33.73
210	32.6
270	24.44
150	30.85
90	28.6
270	28.6
90	38.6
270	24.44
210	23.6
210	23.6
60	29.2
60	27.11
60	29.2
90	23.6
90	38.6
30	20
90	23.6
30	30.85
90	28.6
60	39.6
30	36.6
150	28.76
30	36.6
150	28.76
210	31.6
270	19
180	31.4
90	37.2
90	31.6
60	33.81
30	24
90	27.2
30	19
150	27.42
150	27.42
180	27.24
120	29.5
120	34
30	32
60	33.6
60	34.77
60	29
180	22.6
120	34.6
240	31.2
60	22.2
60	26.39
60	26.39
120	25.6
120	25.2
240	30.6
30	32.6
60	32.85
60	24
60	33.6
300	29.62
