1  580
2  432
3  365
4  323
5  295
6  274
7  257
8  243
9  232
10  223
11  214
12  207
13  201
14  195
15  190
16  185
17  181
18  177
19  174
20  171
21  168
22  165
23  162
24  160
25  157
26  155
27  153
28  151
29  149
30  148
31  146
32  145
33  143
34  142
35  140
36  139
37  138
38  137
39  136
40  135
41  134
42  133
43  132
44  131
45  130
46  129
47  128
48  128
49  127
50  126
51  125
52  125
53  124
54  124
55  123
56  122
57  122
58  121
59  121
60  120
61  120
62  119
63  119
64  118
65  118
66  118
67  117
68  117
69  116
70  116
71  116
72  115
73  115
74  115
75  114
76  114
77  114
78  113
79  113
80  113
81  113
82  112
83  112
84  112
85  112
86  111
87  111
88  111
89  111
90  111
91  110
92  110
93  110
94  110
95  110
96  110
97  109
98  109
99  109
100  109
101  109
102  109
103  109
104  108
105  108
106  108
107  108
108  108
109  108
110  108
111  108
112  108
113  108
114  107
115  107
116  107
117  107
118  107
119  107
120  107
121  107
122  107
123  107
124  107
125  107
126  107
127  107
128  107
129  107
130  107
131  107
132  107
133  107
134  106
135  106
136  106
137  106
138  106
139  106
140  106
141  106
142  106
143  106
144  106
145  106
146  106
147  106
148  106
149  106
150  106
151  106
152  107
153  107
154  107
155  107
156  107
157  107
158  107
159  107
160  107
161  107
162  107
163  107
164  107
165  107
166  107
167  107
168  107
169  107
170  107
171  107
172  107
173  107
174  107
175  107
176  108
177  108
178  108
179  108
180  108
181  108
182  108
183  108
184  108
185  108
186  108
187  108
188  108
189  108
190  109
191  109
192  109
193  109
194  109
195  109
196  109
197  109
198  109
199  109
200  109
201  109
202  110
203  110
204  110
205  110
206  110
207  110
208  110
209  110
210  110
211  110
212  111
213  111
214  111
215  111
216  111
217  111
218  111
219  111
220  112
221  112
222  112
223  112
224  112
225  112
226  112
227  112
228  112
229  113
230  113
231  113
232  113
233  113
234  113
235  113
236  114
237  114
238  114
239  114
240  114
241  114
242  114
243  115
244  115
245  115
246  115
247  115
248  115
249  115
250  116
251  116
252  116
253  116
254  116
255  116
256  116
257  117
258  117
259  117
260  117
261  117
262  117
263  118
264  118
265  118
266  118
267  118
268  118
269  119
270  119
271  119
272  119
273  119
274  119
275  120
276  120
277  120
278  120
279  120
280  120
281  121
282  121
283  121
284  121
285  121
286  122
287  122
288  122
289  122
290  122
291  122
292  123
293  123
294  123
295  123
296  123
297  124
298  124
299  124
300  124
301  124
302  125
303  125
304  125
305  125
306  125
307  126
308  126
309  126
310  126
311  126
312  127
313  127
314  127
315  127
316  127
317  128
318  128
319  128
320  128
321  128
322  129
323  129
324  129
325  129
326  130
327  130
328  130
329  130
330  130
331  131
332  131
333  131
334  131
335  132
336  132
337  132
338  132
339  132
340  133
341  133
342  133
343  133
344  134
345  134
346  134
347  134
348  135
349  135
350  135
351  135
352  136
353  136
354  136
355  136
356  137
357  137
358  137
359  137
360  138
361  138
362  138
363  138
364  139
365  139
366  139
367  139
368  140
369  140
370  140
371  140
372  141
373  141
374  141
375  141
376  142
377  142
378  142
379  142
380  143
381  143
382  143
383  143
384  144
385  144
386  144
387  145
388  145
389  145
390  145
391  146
392  146
393  146
394  147
395  147
396  147
397  147
398  148
399  148
400  148
401  148
402  149
403  149
404  149
405  150
406  150
407  150
408  151
409  151
410  151
411  151
412  152
413  152
414  152
415  153
416  153
417  153
418  154
419  154
420  154
421  154
422  155
423  155
424  155
425  156
426  156
427  156
428  157
429  157
430  157
431  158
432  158
433  158
434  159
435  159
436  159
437  159
438  160
439  160
440  160
441  161
442  161
443  161
444  162
445  162
446  162
447  163
448  163
449  163
450  164
451  164
452  164
453  165
454  165
455  165
456  166
457  166
458  166
459  167
460  167
461  167
462  168
463  168
464  169
465  169
466  169
467  170
468  170
469  170
470  171
471  171
472  171
473  172
474  172
475  172
476  173
477  173
478  174
479  174
480  174
481  175
482  175
483  175
484  176
485  176
486  177
487  177
488  177
489  178
490  178
491  178
492  179
493  179
494  180
495  180
496  180
497  181
498  181
499  181
500  182
501  182
502  183